1415,0,0
1341.95,11.711,0
1375.79,24.0145,0
1436.51,37.6163,0
1389.15,48.5103,0
1388.68,60.6309,0
1419.05,74.3694,0
1394.39,85.2848,0
1517.29,106.1,0
1388.71,109.294,0
1474.37,128.99,0
3788.48,364.789,0
8146.13,856.193,0
3678.2,419.078,0
8129.95,998.232,0
8120.92,1069.14,0
8111.29,1139.97,0
8101.03,1210.71,0
3996.19,632.934,0
4004.32,670.093,0
8066.56,1422.35,0
8053.84,1492.69,0
1512.69,294.037,0
1542.4,313.805,0
1312.67,279.017,0
1350.22,299.336,0
1459.61,336.977,0
1463.42,351.335,0
1503.96,374.979,0
1472.55,380.828,0
1498.15,401.428,0
1508.08,418.228,0
1488.99,426.962,0
7853.69,2326.37,0
7833.09,2394.82,0
7811.9,2463.08,0
1515.03,492.264,0
1513.52,506.418,0
7744.74,2666.73,0
4023.19,1424.69,0
7697.02,2801.49,0
7672.28,2868.55,0
1419.98,545.078,0
7621.05,3002.01,0
7594.56,3068.4,0
7567.5,3134.56,0
7539.86,3200.48,0
7511.64,3266.15,0
1409.6,627.595,0
4021.12,1832.53,0
7423.57,3461.67,0
7393.08,3526.32,0
1454.25,709.285,0
7330.41,3654.81,0
1545.01,787.22,0
1552.27,808.06,0
7232.22,3845.44,0
7198.39,3908.41,0
1544.58,856.174,0
1556.2,880.453,0
7093.61,4095.5,0
7057.6,4157.25,0
7021.06,4218.68,0
6983.98,4279.79,0
6946.36,4340.57,0
6908.22,4401.02,0
4027.3,2615.36,0
6830.36,4520.92,0
6790.65,4580.35,0
6750.42,4639.43,0
1562.94,1094.38,0
1563.1,1114.95,0
1518.52,1103.27,0
1516.07,1121.84,0
1501.43,1131.41,0
1503.4,1153.6,0
6454.6,5042.88,0
6410.34,5099.02,0
1485.9,1203.26,0
1482.29,1221.91,0
1447.06,1214.23,0
1447.05,1235.9,0
6181.83,5373.78,0
6134.7,5427.52,0
6087.1,5480.85,0
6039.04,5533.76,0
5990.52,5586.25,0
5941.54,5638.31,0
5892.11,5689.95,0
5842.23,5741.15,0
5791.91,5791.91,0
5741.15,5842.23,0
1429.61,1480.4,0
1588.03,1673.44,0
1581.55,1696.01,0
1578.85,1723.02,0
1550.38,1721.87,0
1542.58,1743.57,0
1377.72,1584.89,0
1372.93,1607.5,0
1419.92,1692.19,0
1407.01,1706.83,0
1396.46,1724.49,0
1396.92,1756.17,0
1487.44,1903.83,0
1462.85,1906.43,0
1410.05,1871.2,0
1399.02,1890.67,0
1375.42,1893.1,0
4756.54,6668.42,0
4698.16,6709.67,0
1542.89,2244.92,0
1512.06,2241.72,0
1514.52,2288.18,0
1486.32,2288.73,0
1486.71,2333.66,0
1454.1,2327.04,0
1449.41,2365.22,0
1444.68,2404.35,0
1440.39,2445.3,0
1407,2437,0
1405.38,2484,0
1408.86,2541.64,0
1422.41,2619.75,0
1413.58,2658.56,0
1415.72,2719.58,0
3718.64,7298.23,0
1546.52,3101.84,0
3590.7,7362.02,0
3526.32,7393.08,0
3461.67,7423.57,0
1482.11,3252.2,0
3331.58,7482.85,0
1560.7,3589.37,0
1480.09,3486.87,0
1454.2,3510.74,0
3068.4,7594.56,0
1443.28,3663.98,0
1526.29,3976.12,0
1494.69,3997.72,0
1516.52,4166.6,0
1473.42,4160.82,0
1439.99,4182.03,0
1420.57,4245.65,0
1383.47,4257.88,0
2463.08,7811.9,0
1426.77,4666.77,0
1518.06,5124.89,0
2257.75,7873.69,0
2188.95,7893.1,0
1453.53,5424.64,0
1417.9,5482.62,0
1442.1,5783.93,0
1912.15,7964.68,0
1842.57,7981.07,0
1772.86,7996.84,0
1703,8012.01,0
1633.02,8026.56,0
1562.92,8040.51,0
1492.69,8053.84,0
1422.35,8066.56,0
1351.9,8078.67,0
1280.1,8082.25,0
1209.52,8093.12,0
1139.97,8111.29,0
1069.14,8120.92,0
997.257,8122.01,0
926.342,8130.4,0
856.193,8146.13,0
785.073,8153.29,0
713.893,8159.83,0
642.658,8165.75,0
571.375,8171.05,0
500.049,8175.72,0
428.684,8179.77,0
357.286,8183.2,0
285.862,8186.01,0
214.415,8188.19,0
142.953,8189.75,0
71.4791,8190.69,0
5.01554e-13,8191,0
-71.4791,8190.69,0
-142.813,8181.75,0
-214.206,8180.2,0
-285.862,8186.01,0
-357.286,8183.2,0
-428.684,8179.77,0
-500.049,8175.72,0
-571.375,8171.05,0
-642.658,8165.75,0
-713.893,8159.83,0
-785.073,8153.29,0
-856.193,8146.13,0
-927.248,8138.35,0
-998.232,8129.95,0
-1069.14,8120.92,0
-1139.97,8111.29,0
-1210.71,8101.03,0
-1281.35,8090.16,0
-1351.9,8078.67,0
-1422.35,8066.56,0
-1492.69,8053.84,0
-1562.92,8040.51,0
-1633.02,8026.56,0
-1183.64,5568.59,0
-1239.33,5590.27,0
-1286.27,5571.45,0
-1912.15,7964.68,0
-1981.58,7947.69,0
-2050.86,7930.1,0
-2119.99,7911.9,0
-2188.95,7893.1,0
-2257.75,7873.69,0
-2326.37,7853.69,0
-2394.82,7833.09,0
-1166.14,3698.51,0
-1186.93,3653.01,0
-1216.86,3636.82,0
-1239.44,3599.59,0
-1206.38,3406.71,0
-1231.96,3384.77,0
-1158.84,3099.45,0
-1176.16,3064.01,0
-1201.76,3050.84,0
-1214.1,3005,0
-1224.59,2956.41,0
-1238.62,2918,0
-1264.43,2908,0
-1279.59,2874.01,0
-1304.21,2861.83,0
-1213.76,2602.92,0
-1245.04,2610.28,0
-1265.14,2593.92,0
-1320.75,2649.01,0
-1335.19,2620.45,0
-1300.28,2497.82,0
-1314.52,2472.25,0
-1268.29,2335.9,0
-1454.43,2623.86,0
-1218.26,2153.26,0
-1214,2102.71,0
-1193.73,2026.55,0
-1191.8,1983.49,0
-1184.5,1932.94,0
-1182.78,1892.84,0
-1126.18,1767.75,0
-1126.86,1735.21,0
-1148.03,1734.48,0
-1157.53,1716.11,0
-1136.21,1653.2,0
-1140.27,1628.47,0
-1203.8,1687.66,0
-1205.55,1659.29,0
-1212.84,1639.06,0
-1214.46,1611.65,0
-1146.3,1493.88,0
-1148.21,1469.64,0
-1215.15,1527.65,0
-1215.85,1501.45,0
-1240.99,1505.44,0
-1245.08,1483.83,0
-1265.12,1481.27,0
-1265.54,1455.83,0
-1162.9,1314.42,0
-1165.63,1294.56,0
-1193.09,1302.03,0
-1184.63,1270.36,0
-1181.9,1245.47,0
-1183,1225.04,0
-1219.58,1241.06,0
-1221.17,1221.17,0
-1184,1163.51,0
-1188.35,1147.58,0
-1220.81,1158.5,0
-1222.09,1139.62,0
-1240.1,1136.34,0
-1241.8,1118.12,0
-1230.53,1088.68,0
-1229.42,1068.72,0
-1229.58,1050.16,0
-1230.27,1032.32,0
-1210.68,998.007,0
-1210.02,979.852,0
-1188.78,945.6,0
-1190.68,930.264,0
-1203.52,923.491,0
-1202.75,906.333,0
-1204.18,891.045,0
-1203.82,874.624,0
-1222.8,872.216,0
-1222.99,856.35,0
-1192.51,819.59,0
-1198.79,808.593,0
-1221.64,808.588,0
-1223.62,794.628,0
-1227.13,781.771,0
-1188.12,742.417,0
-1115.25,683.428,0
-1239.46,744.745,0
-1244.19,732.885,0
-1127.57,651,0
-1282.9,725.832,0
-1276.07,707.337,0
-1316.47,714.784,0
-1311.18,697.165,0
-1350.03,702.781,0
-1350.77,688.25,0
-1354.93,675.543,0
-1351.79,659.31,0
-1385.47,660.835,0
-1380.31,643.648,0
-1455.94,663.509,0
-1434.27,638.577,0
-1489.31,647.568,0
-1493.98,634.157,0
-1161.32,481.033,0
-1171.96,473.503,0
-1163.02,458.127,0
-1162.31,446.168,0
-1166.16,436.008,0
-1166.16,424.447,0
-1178.3,417.259,0
-1172.44,403.705,0
-1194.89,399.804,0
-1189.77,386.58,0
-1224.57,386.106,0
-1210.68,370.143,0
-1214.82,359.847,0
-1292.9,370.732,0
-1235.37,342.6,0
-1228.66,329.218,0
-1248.91,322.99,0
-1241.98,309.66,0
-1234.91,296.476,0
-1268.63,292.886,0
-1248.68,276.826,0
-1241.27,263.84,0
-1216.09,247.416,0
-1219.18,236.985,0
-1186.79,219.958,0
-1191.62,210.114,0
-1214.12,203.174,0
-1195.1,189.286,0
-1181.87,176.632,0
-1206.15,169.513,0
-1176.85,154.935,0
-1176.17,144.415,0
-1179.37,134.372,0
-1177.51,123.762,0
-1169.59,112.619,0
-1182.48,103.454,0
-1147.45,90.3064,0
-1158.17,80.9873,0
-1162.83,71.1215,0
-1147.43,60.134,0
-1196.86,52.256,0
-1174.28,41.0069,0
-1188.59,31.1244,0
-1193.82,20.8382,0
-1192.95,10.4108,0
-1195,1.46345e-13,0
